52
1
0.656172 0.283064 0.699509
0 -0.926979 0.375112
0.754611 -0.246138 -0.608258
11
0,0 0.124896,-0.00249751 0.321923,-0.260531 0.415414,-0.200615 0.536929,-0.33149 0.560773,-0.338035 0.584578,-0.474394 0.512211,-0.545374 0.356398,-0.451561 0.15018,-0.199518 -0.00622541,-0.00681436 
22 2541 1963 1121 1281 637 49 2042 765 640 59 

1
-0.337764 -0.360827 -0.869321
0 0.9236 -0.383357
0.941231 -0.129484 -0.311959
5
0,0 0.00571108,-0.00744441 -0.239723,-0.338613 -0.313618,-0.286575 -0.124907,-0.00189905 
22 1777 1305 1416 2541 

1
0.64141 0.293181 -0.708969
-0 0.924102 0.382145
0.767198 -0.245112 0.592729
11
0,0 0.00920198,0.0823027 -0.0378476,0.0157847 -0.101398,0.0800692 -0.0513921,0.180916 -0.146836,0.237714 -0.145726,0.216133 -0.242892,0.0463523 -0.185458,0.03387 -0.135598,-0.0209842 -0.113895,0.0174381 
17 5 1305 1416 1963 1121 447 1993 1709 1710 184 

1
0.0131896 -0.999544 0.0271596
0 -0.027162 -0.999631
0.999913 0.0131848 -0.000358257
11
0,0 -0.069133,0.214681 -0.0427885,0.5173 -0.000106117,0.577096 0.314079,0.578211 0.385096,0.500091 0.455276,0.175448 0.343898,0.109923 0.284221,-0.026533 0.248453,-0.0590782 0.13759,0.0098388 
1815 837 780 419 126 93 1504 32 779 23 2 

1
-0.225724 -0.280986 0.932789
0 -0.957501 -0.28843
0.974191 -0.0651055 0.216131
6
0,0 -0.00386044,0.00219633 -0.194181,-0.179307 -0.317255,-0.109831 -0.274292,0.145985 -0.0250712,0.147945 
1413 567 553 1256 240 79 

1
0.43715 -0.899026 0.0255344
0 -0.0283909 -0.999597
0.899389 0.436974 -0.0124111
4
0,0 0.0117339,0.000605973 0.170596,-0.257954 -0.143589,-0.259185 
10 1085 126 419 

1
-0.389873 0.265731 -0.881695
-0 0.95746 0.288565
0.920869 0.112504 -0.373288
4
0,0 0.0167955,-0.147984 0.122705,-0.0741655 0.114662,0.00536141 
32 779 69 1783 

1
-0.729408 -0.67469 0.112946
0 -0.165107 -0.986276
0.684079 -0.719397 0.120431
7
0,0 0.0772293,-0.10912 0.259528,-0.00334743 0.287764,0.219847 0.235097,0.18622 0.128837,0.256824 0.0475687,0.258655 
553 1181 724 1358 116 1751 567 

1
0.638114 -0.343216 -0.689212
0 0.895148 -0.445769
0.769942 0.284452 0.571207
7
0,0 -0.256409,-0.145713 -0.285149,-0.0441244 -0.249217,0.257204 -0.136292,0.24112 -0.130531,0.19532 -0.00957709,0.144238 
948 93 126 1085 319 2332 1018 

1
-0.269655 0.541842 0.796048
0 -0.826671 0.562686
0.962957 0.151731 0.222916
5
0,0 -0.129301,0.0885817 -0.119164,0.238293 -0.0208148,0.346696 0.0346101,0.222867 
1815 1413 79 78 837 

1
0.347555 -0.808064 0.475645
0 -0.507268 -0.861788
0.93766 0.299519 -0.176304
4
0,0 0.0880313,0.1069 0.0951547,-0.0453452 0.0443112,-0.0779588 
49 637 42 682 

1
0.212331 0.631241 0.745956
0 -0.763362 0.645971
0.977198 -0.137159 -0.162085
4
0,0 0.0553527,0.0162548 0.0284019,0.0555026 -0.00889413,0.0528914 
1453 996 1404 41 

1
-0.143616 -0.280807 0.948958
0 -0.958899 -0.283749
0.989634 -0.0407508 0.137713
5
0,0 -0.00454462,-0.0612882 0.108375,-0.0772116 0.137336,-0.0209664 0.0864899,0.0528964 
2042 310 697 682 49 

1
-0.829678 0.554018 -0.0685495
-0 0.122795 0.992432
0.558242 0.823399 -0.10188
5
0,0 0.0197299,0.136817 0.100976,0.13943 0.0989447,0.135481 0.13694,-0.0165762 
2 1751 567 1413 1815 

1
-0.474747 -0.880032 -0.0125942
0 0.0143096 -0.999898
0.880122 -0.474698 -0.00679343
9
0,0 0.049309,0.0348895 0.0368457,0.0742743 0.173698,-0.0608018 0.345366,0.0284145 0.327569,-0.0193185 0.228882,-0.105973 0.0290079,-0.0950514 -0.000155451,-0.0632631 
682 42 528 100 1928 1309 1366 1250 697 

1
-0.0393337 0.485556 0.87332
0 -0.873997 0.485932
0.999226 0.0191135 0.0343775
9
0,0 -0.0388456,0.193184 -0.292952,0.199616 -0.287515,-0.214981 -0.263432,-0.220664 -0.210373,-0.363541 -0.187772,-0.328961 -0.158013,-0.31967 -0.0864704,-0.0703327 
72 502 157 1281 637 42 528 1256 240 

1
-0.298854 0.191077 -0.934974
-0 0.979749 0.200228
0.954299 0.0598388 -0.292802
9
0,0 0.260051,0.0111366 0.127154,0.142076 0.0691615,0.151642 0.0401114,0.252965 -0.0709877,0.377079 -0.237214,0.360778 -0.155637,0.0483441 -0.0254369,0.0441382 
1309 1354 1709 1993 656 844 1081 1132 1928 

1
0.386525 -0.911146 -0.142871
0 0.154911 -0.987928
0.922279 0.381859 0.059877
3
0,0 0.0738494,-0.0849539 0.24905,0.208304 
1963 1416 2541 

1
-0.0594704 0.987484 -0.14608
-0 0.146339 0.989235
0.99823 0.0588301 -0.00870281
4
0,0 -0.0125783,0.0521744 -0.0860686,0.0570966 -0.11484,0.0131743 
1453 41 977 1549 

1
-0.484868 0.872769 0.0563725
0 -0.0644561 0.997921
0.874587 0.48386 0.0312527
5
0,0 -0.0554624,-0.0596441 -0.257274,0.299872 -0.256157,0.301637 -0.0753355,0.131693 
5 1305 1777 59 640 

1
0.911838 0.407981 0.0458646
0.0502355 0 -0.998737
-0.407466 0.91299 -0.0204951
9
0,0 0.0355918,0.0456254 0.149714,0.0272255 0.150474,0.00473101 0.233994,0.106099 0.156094,0.40238 0.0358576,0.460216 -0.0114615,0.430138 -0.0854502,0.176375 
996 1453 1549 2332 1018 1749 647 326 1298 

1
-0.111631 0.939387 0.324176
0 -0.326215 0.945296
0.99375 0.105524 0.0364156
10
0,0 0.0879741,-0.121739 0.0348864,-0.185293 -0.386866,-0.186601 -0.337346,-0.267999 -0.272794,-0.275118 0.0143095,-0.242006 0.148597,-0.358016 0.286127,-0.293105 0.266217,-0.186706 
640 5 17 2474 1520 658 1058 26 453 765 

1
0.103867 0.580697 -0.807467
-0 0.811858 0.583855
0.994591 -0.060643 0.084325
5
0,0 -0.253895,-0.0671035 -0.291604,-0.257182 -0.136788,-0.28443 -0.0205925,-0.40379 
838 302 1226 844 656 

1
0.993148 0.111131 0.0361636
0.036389 0 -0.999338
-0.111057 0.993806 -0.00404394
4
0,0 0.34312,0.119527 0.365145,0.246944 -0.033812,0.11015 
184 51 2474 17 

1
-0.658992 0.456066 -0.598108
-0 0.795198 0.60635
0.75215 0.39958 -0.52403
5
0,0 0.0552102,-0.0292247 -0.0675113,-0.161407 -0.0899663,-0.118579 -0.000752967,-0.0253153 
1358 116 23 779 69 

1
-0.0403796 0.862237 0.504893
0 -0.505305 0.862941
0.999184 0.0348452 0.020404
6
0,0 0.0551677,0.010015 0.123299,-0.0718295 0.11974,-0.486448 -0.030506,-0.389846 -0.0441649,-0.406593 
647 326 157 1281 1121 447 

1
-0.414487 -0.199476 -0.887925
0 0.975682 -0.219191
0.910055 -0.0908516 -0.404407
4
0,0 0.00303713,0.00324351 0.131502,-0.0114846 0.0979777,-0.100667 
1007 51 2474 1520 

1
0.482616 0.423246 -0.766776
-0 0.875483 0.48325
0.875832 -0.233224 0.422522
5
0,0 0.0703258,0.126293 0.341897,-0.0154799 0.300906,-0.0941751 0.0496677,-0.170624 
948 1018 1749 838 302 

1
0.591856 -0.0224033 -0.805732
0 0.999614 -0.0277942
0.806044 0.0164502 0.591627
4
0,0 0.0215686,-0.00079026 0.0150191,-0.052791 -0.00557141,-0.0460179 
319 977 1549 2332 

1
-0.846484 0.174054 -0.50316
-0 0.945054 0.326915
0.532414 0.276728 -0.799973
6
0,0 -0.0385756,0.123332 0.268653,0.308052 0.417916,0.258754 0.253745,0.228028 0.114458,0.0087185 
32 1504 1226 844 1081 1783 

1
0.987375 0.152319 0.0434749
0.0439882 0 -0.999032
-0.152172 0.988331 -0.00670024
6
0,0 0.0729153,-0.0104136 0.0758275,-0.0323213 0.0167961,-0.129922 0.00504623,-0.129945 -0.0254061,-0.0275467 
41 977 319 1085 10 1404 

1
-0.71588 0.123588 0.687199
0 -0.98421 0.177003
0.698224 0.126713 0.704576
5
0,0 -0.0805603,-0.106685 -0.220104,-0.0866055 -0.130793,0.083682 -0.102665,0.0971294 
553 1181 100 528 1256 

1
-0.676195 -0.217651 0.703838
0 -0.955364 -0.295432
0.736723 -0.199769 0.646012
4
0,0 -0.0377669,-0.141415 -0.28698,-0.144224 -0.229322,-0.0488334 
78 79 240 72 

1
0.063209 0.917651 -0.392328
-0 0.393114 0.91949
0.998 -0.05812 0.0248483
6
0,0 0.0394543,0.402385 0.0951742,0.471438 0.225272,0.441833 0.186253,0.0347136 0.0415109,-0.0968858 
656 838 1749 647 447 1993 

1
-0.00892804 0.69767 0.716364
0 -0.716392 0.697698
0.99996 0.00622907 0.00639598
4
0,0 -0.134891,0.024718 -0.157816,0.130509 0.0101003,0.0606212 
310 453 765 2042 

1
-0.779373 0.14808 -0.60881
-0 0.971671 0.236338
0.62656 0.184195 -0.757294
6
0,0 -0.0618706,0.115739 0.19785,0.132937 0.184068,0.156661 0.245583,0.197157 0.220849,0.0215639 
1366 1309 1354 208 1058 26 

1
-0.744845 -0.594107 -0.303715
0 0.455182 -0.890398
0.667238 -0.663209 -0.33904
7
0,0 -0.0140772,-0.0235787 -0.0116763,0.16297 0.0272325,0.0998743 0.361489,0.138104 0.391692,0.000911885 0.327654,-0.00989636 
208 1354 1709 1710 1007 1520 658 

1
0.564909 -0.779265 -0.271337
0 0.328833 -0.944388
0.825153 0.533494 0.185761
4
0,0 -0.0257935,0.0358048 0.337547,0.0344831 0.335022,0.0308172 
1710 184 51 1007 

1
-0.3765 -0.349505 -0.857959
0 0.926105 -0.377265
0.926417 -0.14204 -0.348678
6
0,0 0.0136675,0.078759 0.240819,0.204853 0.256606,-0.117663 0.166919,-0.144479 0.0143639,0.020866 
69 1783 1081 1132 724 1358 

1
-0.751647 0.474163 0.458471
0 -0.695111 0.718902
0.659566 0.540361 0.522478
4
0,0 -0.0773393,-0.10516 -0.18074,0.0426658 -0.0759799,0.115478 
2 23 116 1751 

0

1
0.0879341 -0.136627 0.986712
0 -0.990549 -0.137158
0.996126 0.0120609 -0.0871031
6
0,0 -0.0241846,-0.0426991 0.0111706,-0.236552 0.24284,-0.200479 0.306999,-0.320014 0.307592,-0.0162516 
134 502 72 78 837 780 

1
-0.90314 0.0576098 -0.425463
-0.426171 0 0.904643
0.0521163 0.998339 0.0245516
5
0,0 0.0261154,0.127624 0.215517,0.167081 0.231357,0.0269933 0.0494636,-0.0794749 
1132 1928 100 1181 724 

1
0.209582 -0.193535 -0.958446
0 0.980216 -0.197931
0.977791 0.0414828 0.205436
5
0,0 -0.0114885,-0.193442 -0.355525,-0.294189 -0.363488,0.0378575 -0.0916555,0.152247 
302 1226 1504 93 948 

1
-0.886037 0.399248 0.235666
0 -0.508325 0.861165
0.463614 0.763025 0.450395
3
0,0 0.0471779,-0.056572 -0.28034,-0.0702548 
1058 208 658 

1
0.574329 -0.1373 0.807028
0 -0.985835 -0.167721
0.818625 0.0963268 -0.566193
7
0,0 -0.104738,-0.0210405 -0.0937281,-0.0673538 -0.266218,-0.160397 -0.231758,-0.337927 0.0756396,-0.357518 0.0830446,-0.284426 
10 1404 996 1298 134 780 419 

1
-0.997328 0.0530044 0.0502807
0.0503514 -0 0.998732
0.0529372 0.998594 -0.00266885
4
0,0 0.182383,-0.138191 0.163359,-0.226932 -0.0366505,-0.218852 
26 1323 1250 1366 

1
0.376357 0.44044 0.815088
0 -0.879773 0.475393
0.926475 -0.178918 -0.331109
5
0,0 0.0598061,-0.0881106 0.313898,-0.0950742 0.331528,-0.049276 0.241463,0.107544 
326 157 502 134 1298 

1
-0.614871 0.627 0.478335
0 -0.606541 0.795052
0.788628 0.488855 0.372944
4
0,0 0.133419,-0.0317151 0.100665,-0.0801431 -0.128152,-0.0818858 
453 310 1323 26 

1
-0.741931 -0.0967323 0.663462
0 -0.989538 -0.144274
0.670477 -0.107041 0.734168
4
0,0 0.111504,-0.0239063 0.100388,-0.0655888 0.00998247,-0.0576047 
310 697 1250 1323 

1
0.0496698 0.707314 -0.705152
-0 0.706024 0.708188
0.998766 -0.0351755 0.035068
3
0,0 -0.00452559,0.00720212 0.00155123,0.00142131 
1777 22 59 

0

